@nrows 22
@ncols 22
@config manual
@steps 0
@grid
1100000000000000000000
1010000000000000000000
0000000000000000000000
0010100000000000000000
0000000000000000000000
0000101000000000000000
0000000000000000000000
0000001010000000000000
0000000000000000000000
0000000010100000000000
0000000000000000000000
0000000000101000000000
0000000000000000000000
0000000000001010000000
0000000000000000000000
0000000000000010100000
0000000000000000000000
0000000000000000101000
0000000000000000000000
0000000000000000001010
0000000000000000000001
0000000000000000000011